<?xml version="1.0" standalone="no"?>
<!DOCTYPE svg PUBLIC "-//W3C//DTD SVG 20010904//EN"
 "http://www.w3.org/TR/2001/REC-SVG-20010904/DTD/svg10.dtd">
<svg version="1.0" xmlns="http://www.w3.org/2000/svg"
 width="16.000000pt" height="16.000000pt" viewBox="0 0 16.000000 16.000000"
 preserveAspectRatio="xMidYMid meet">
<metadata>
Created by potrace 1.11, written by Peter Selinger 2001-2013
</metadata>
<g transform="translate(0.000000,16.000000) scale(0.006639,-0.006639)"
fill="#000000" stroke="none">
<path d="M1120 2357 c-200 -23 -364 -125 -364 -226 0 -20 4 -54 8 -76 20 -113
22 -107 -33 -138 l-49 -27 -19 23 c-22 28 -54 47 -80 47 -20 0 -84 -30 -123
-57 -19 -12 -16 -7 10 21 19 21 58 54 87 72 28 19 55 39 58 45 15 23 9 79 -11
100 -16 18 -27 20 -70 16 -29 -3 -66 -13 -84 -22 -87 -45 -174 -174 -201 -298
-11 -50 -14 -56 -26 -44 -8 8 -17 34 -19 58 -10 83 -12 89 -42 89 -84 0 -116
-113 -63 -224 26 -52 63 -86 132 -122 41 -20 50 -30 59 -66 14 -52 10 -91 -23
-195 -14 -45 -29 -105 -33 -135 -3 -29 -8 -64 -10 -78 -6 -37 -5 -184 0 -201
3 -8 8 -32 11 -53 3 -22 19 -80 36 -130 74 -223 211 -403 404 -531 175 -116
356 -167 570 -160 429 13 788 287 918 700 33 105 41 166 41 305 0 124 -4 155
-35 269 -54 201 -192 402 -360 526 -63 46 -60 29 -30 196 l19 103 -61 61 c-71
70 -139 106 -252 135 -91 24 -247 31 -365 17z m-309 -572 l16 -95 -74 0 -74 0
17 32 c11 20 15 46 12 73 -5 39 -3 43 36 68 22 14 43 24 45 21 3 -2 12 -47 22
-99z m1012 -20 c202 -171 323 -427 331 -697 6 -186 -47 -378 -146 -535 l-40
-63 -59 48 c-109 86 -182 140 -208 154 -14 7 -29 17 -33 22 -5 8 -2 113 7 221
2 22 4 47 4 56 1 12 15 19 49 24 54 7 152 49 152 64 0 19 -68 126 -110 174
l-42 47 31 6 c39 8 100 75 103 112 1 25 0 56 -4 90 -2 19 -67 82 -86 84 -9 0
5 4 32 7 49 6 49 6 67 59 l18 52 -85 0 c-46 0 -84 4 -84 8 0 27 24 122 31 122
4 0 37 -25 72 -55z m-1242 -66 c15 -15 30 -20 50 -17 16 3 29 2 29 -1 0 -3 3
-16 6 -28 5 -17 1 -22 -23 -27 -15 -4 -46 -22 -68 -40 l-39 -33 -18 39 c-10
22 -18 45 -18 52 0 10 50 76 57 76 2 0 12 -9 24 -21z m59 -271 l38 9 5 -34 c9
-51 48 -97 97 -113 l41 -14 -30 -28 c-35 -33 -79 -95 -109 -155 l-22 -41 45
-22 c25 -12 72 -27 105 -33 60 -12 60 -12 60 -47 1 -58 11 -224 14 -242 3 -14
-3 -16 -43 -12 -278 31 -432 214 -435 516 0 59 2 109 4 112 3 3 20 8 38 11 58
10 92 45 92 95 0 17 2 18 31 3 23 -12 39 -13 69 -5z"/>
</g>
</svg>
